version https://git-lfs.github.com/spec/v1
oid sha256:94000eaa4aaa1fa5a970d766fe183a693a4df026dcb4a3067b2bf0246ea98037
size 82
