version https://git-lfs.github.com/spec/v1
oid sha256:4147820cbafb0b30e9c552aae60ec8bd3db899544fb4557ae88cfdd632fd3a32
size 3041
