version https://git-lfs.github.com/spec/v1
oid sha256:abc96fc34c6171b16965db1accf8d6a11259e7933e425d3dd6390fad82b70549
size 3046
