version https://git-lfs.github.com/spec/v1
oid sha256:39c89389cb9e4b720a7174792e5559e2c0be7b48671fc06b4fa77c2d0e892cbf
size 83
