version https://git-lfs.github.com/spec/v1
oid sha256:761c3d8d6ef9a282887827d4b5a26894e417500c6b60835d6f3bcccc6e0cc015
size 82
