version https://git-lfs.github.com/spec/v1
oid sha256:c3841f7fe9e5b06f6fb603dc0a4d5c8f1400627dbb7ff0e73e4502f4063ff15e
size 83
