version https://git-lfs.github.com/spec/v1
oid sha256:c079ac62ccc8be82d8c8924160e2683daf77b1dbc58f3db5474ef4a51aea16d8
size 3128
