version https://git-lfs.github.com/spec/v1
oid sha256:fe04c39129b859b91da254157f158bd6728090bb293ec53da90f8429bc785eb2
size 3141
