version https://git-lfs.github.com/spec/v1
oid sha256:ffebf7f68bf32033a68efe0a741ace386397880b6b2042e8feec6533ed334650
size 83
