version https://git-lfs.github.com/spec/v1
oid sha256:a0c5a8a3997719f55e437dc3bf78a9b4144a138077d69ac9bfcd9ee32af82f3f
size 83
