version https://git-lfs.github.com/spec/v1
oid sha256:5e41c8781681a22201e42db7375b85565d3a530bb45d7e4bb7f9d4050163b168
size 80
