version https://git-lfs.github.com/spec/v1
oid sha256:552547adf8ab85d65801fefad6be06cbb978ca56d78f6c9e133cb0950a116e9c
size 3162
