version https://git-lfs.github.com/spec/v1
oid sha256:8724bc7e2c916a08619ca43e21d272e4a89469d32baf4777ee33b0a08d4c7a73
size 3162
