version https://git-lfs.github.com/spec/v1
oid sha256:90b43559d8d9298828ea3c28e96e94aee4eecae7f3c6089f173f5be743a7521d
size 3085
