version https://git-lfs.github.com/spec/v1
oid sha256:c63df39fa0870932edaaf678fba7e5f2526e5bd0efcfb6b3d0c9417d48491af0
size 3170
