version https://git-lfs.github.com/spec/v1
oid sha256:6c7b5ac0cf3898129dd07f54dbb93caa8aee16ed40aa1048e6df3d1c5fc2b019
size 3183
