version https://git-lfs.github.com/spec/v1
oid sha256:7998897b2cdcf9ba4fa894e5f562dea8f94bfca14005c94d371f40633c41c41d
size 83
