version https://git-lfs.github.com/spec/v1
oid sha256:5e60ede97748ef8e284dd3b706cf6f4e8bb0782d1e2daba576b4238697b7e9d2
size 83
