version https://git-lfs.github.com/spec/v1
oid sha256:7d92aa976c533eafbd39dfb3a91a5378bdf832c7e9625aba0379deb158054dc1
size 3157
