version https://git-lfs.github.com/spec/v1
oid sha256:578153939791237da3b5602dc6637c9896debedb6069b136ff75543dcef4ddff
size 83
