version https://git-lfs.github.com/spec/v1
oid sha256:6d584433c0586f350859cb364c48871a3bbbe8d082d513bae6eddac1b85aa814
size 3183
