version https://git-lfs.github.com/spec/v1
oid sha256:5e92a5739ef79661ca758a0bc9dcd74b379b3f2d2f65a818b8d15e6d03d55504
size 83
