version https://git-lfs.github.com/spec/v1
oid sha256:d265dba8f6559b93fd2156cf94f6763bed44e49a6c362b3befdf3a4ba9f9f6b6
size 83
