version https://git-lfs.github.com/spec/v1
oid sha256:4ffc17b421b6e02490ac322a8728caa2b9ee27e3fd415b51fb858dc57487367f
size 3114
