version https://git-lfs.github.com/spec/v1
oid sha256:a24ce13fb22c458306f81f3e4e89d67fb02a41fee982a074d7c17b70221f897b
size 3120
