version https://git-lfs.github.com/spec/v1
oid sha256:8716893d61e5818fd685ab9c459ce1daa173c8bfdbb5a2253edf8059125567be
size 3128
