version https://git-lfs.github.com/spec/v1
oid sha256:a247771e390fcd3da27237fdea371b4813259d3527ce9957656fbd33f484a70c
size 83
