version https://git-lfs.github.com/spec/v1
oid sha256:fb634b09431aa67881f106089f983cca31210c5e95a0b976d1d6346b3a300b9f
size 3019
