version https://git-lfs.github.com/spec/v1
oid sha256:0604fbd3b3795eedabaa7d428b294219eaa5c7ce34cf394d8ca5665ea6afde83
size 83
