version https://git-lfs.github.com/spec/v1
oid sha256:2d73cdfe82e6bb33376737f0a8775e97033df08ae7260f701f5e266a43fa9b3a
size 3087
