version https://git-lfs.github.com/spec/v1
oid sha256:ce54131af2e59ecdee65063424aa7517fc33d49bd228a751f12280deed055d7a
size 3034
