version https://git-lfs.github.com/spec/v1
oid sha256:5a76c2adde182d5f0616573b71fc6a725b1ba8b7adb6aa2258bc93e026c48ef3
size 83
