version https://git-lfs.github.com/spec/v1
oid sha256:52cd2badd298bc890c0d11b8909287a6a6254db3fc13f588d32bb30d7d217aba
size 83
