version https://git-lfs.github.com/spec/v1
oid sha256:bb0a0ea12ff02bbf01458a843cd2b0b28d54c550adce2e2afeadf761d3400579
size 83
