version https://git-lfs.github.com/spec/v1
oid sha256:09f52f1e8a11f3c8cdbcc35fc40754426d7a66d9a332b4fd37f6419bbc7985c8
size 83
