version https://git-lfs.github.com/spec/v1
oid sha256:b4100091bde16d82e1690776b1c0525d73afba52017ae7075e819f50058d4dda
size 3117
