version https://git-lfs.github.com/spec/v1
oid sha256:1b97a557d0a64b86b7ae208fab67009fa8120df5c6a36c040ff17893459bbcd2
size 82
