version https://git-lfs.github.com/spec/v1
oid sha256:80714b73c3ffd6d4eeff113fd7689f9f1ee22c4aa3ed756b7d6d66810a9c3826
size 83
