version https://git-lfs.github.com/spec/v1
oid sha256:f7e95e9a7b4e353f108872b3b632081c4edc1ac56a3caabb826c2bc420256fa1
size 3092
