version https://git-lfs.github.com/spec/v1
oid sha256:b63ce017b08ec0ebffdb0af4bf707d1803eca38befd07c79d7275fdb1086b131
size 83
