version https://git-lfs.github.com/spec/v1
oid sha256:2a5dd1e07c7876956b1f7fd3900660f57de179f910621a3cbf598873415f725a
size 3191
