version https://git-lfs.github.com/spec/v1
oid sha256:8350c0b4cf4b92b3de4c0aeebc13a7e5a6c0060c04ba6282cc72ed33e9108132
size 3013
