version https://git-lfs.github.com/spec/v1
oid sha256:1cbd2ba7aad411c50aa650322dcd6d90a8ee538390d1365f276a9e3314de4a2f
size 3052
