version https://git-lfs.github.com/spec/v1
oid sha256:415b8bbce79db37a99cb05d41be5416ec030940aa4fc3fbabe354f5729e53f6a
size 3110
