version https://git-lfs.github.com/spec/v1
oid sha256:08df130ffdbf76d3d7b9d60ae9c2c03ac28c91588a8b8fc74213cf47a4dcbf1a
size 3130
