version https://git-lfs.github.com/spec/v1
oid sha256:f9c39c125ea501b39926701e76bf76fc4b4c50288151066d570cef3d413df5bf
size 83
