version https://git-lfs.github.com/spec/v1
oid sha256:d32a7a702edc8be6e8ef5018dad007e2b102a8567e60a4744156f16f31b910de
size 83
