version https://git-lfs.github.com/spec/v1
oid sha256:d012735290090d512194341b102b04c8ffde34e997e62db226a18c8c5e1c2eb5
size 3131
