version https://git-lfs.github.com/spec/v1
oid sha256:023a66f023ce0d852218c5f82c2c38dcceef6d8e6cc6cdfa1ab38849c9997588
size 3117
