version https://git-lfs.github.com/spec/v1
oid sha256:086d74022226d736550a4a4d63292273b8a8429f8b0754bb0d82cc959a543aa7
size 3201
