version https://git-lfs.github.com/spec/v1
oid sha256:9ddcaa5d17ddf3b7ef6e4d59c80fe299b0dc31981db50ba78c35ace2612cdafd
size 3213
