version https://git-lfs.github.com/spec/v1
oid sha256:2a1fe22bc70c2160fb8f5051558bb048a9458c62417f54176af5cbfe59ab5239
size 3129
