version https://git-lfs.github.com/spec/v1
oid sha256:3cb0feba97aa5b17015d631ecd9a7c97604872817378ffda73cbcde0966263d9
size 3151
