version https://git-lfs.github.com/spec/v1
oid sha256:d8cd3aaf5333e7e4ca0e6873a557f30b3ba778d3f0ac39953bc9a523bc121f57
size 3148
