version https://git-lfs.github.com/spec/v1
oid sha256:d085564efb5a1efd6e3b49431e3d221262faa7472386da040c2f94aae48dda07
size 83
