version https://git-lfs.github.com/spec/v1
oid sha256:8153ec184423a6fb60ebb34e64146f5548914e54a132cdbae25fd46e6fac1a03
size 3143
