version https://git-lfs.github.com/spec/v1
oid sha256:da64c5339a35622916ead2c36aa9f885427a650e59a183912ba6cd07fefb852f
size 83
