version https://git-lfs.github.com/spec/v1
oid sha256:5453088b608af559d4aeace594732b45b5974c98a5fbffb31e509c6fef71a376
size 3119
