version https://git-lfs.github.com/spec/v1
oid sha256:a21543031f0428876c121cbb23df2dedd55cd8848e186dad24a5be97460e52fa
size 3140
