version https://git-lfs.github.com/spec/v1
oid sha256:4da6175211f3321cd85dd21354dacfd5e62e8e183d3b96f5a522bb064e6833b3
size 82
