version https://git-lfs.github.com/spec/v1
oid sha256:bb4ee1287442459cc2cb833e9abaa04cff3ce3a0bd9671059686eec79d23f06e
size 3062
