version https://git-lfs.github.com/spec/v1
oid sha256:f8d3295878c6ed35cb4a1e3eb548bff026209f0283cc338c64462a97ac54d002
size 3037
