version https://git-lfs.github.com/spec/v1
oid sha256:593d6474e1eae184db2cdf320c2dbcabb6d114361019e6a3d7394277449c7aa1
size 83
