version https://git-lfs.github.com/spec/v1
oid sha256:82d5d51c4cce98ac9c32adff1edabb03ff7b99e1ee873879a1758fab82d75a18
size 83
