version https://git-lfs.github.com/spec/v1
oid sha256:761f80edd3c112fa749c126bb4cbedc7f943175d84fc7239bd8b0e37109778f0
size 83
