version https://git-lfs.github.com/spec/v1
oid sha256:50a7e04ae406603aa104c09ff6fd50f32baaff6e7f5b0de4f70820c42e7b75f1
size 3062
